   6.5 30 Black  (2 16.00  40.0) [2 15.36  00.6]   76611   23275  135779   18762
   6.5 30 Black  (2 15.50  40.0) [2 15.42 -01.5]   76611   19775  138894   19207
   1.0 28 Black  (1 15.61  60.0) [1 14.90  61.4]  189111   20518  186953   15592
   1.0 28 Black  (1 15.86  60.0) [1 14.90  61.4]  189111   22288  186953   15592
   1.0 28 Black  (1 14.42  60.0) [1 14.52  60.4]  189111   12246  188449   12915
   1.0 28 Black  (1 13.42  60.0) [1 14.23  61.4]  189111    5218  186953   10907
   1.0 28 Black  (1 13.09  60.0) [1 14.23  61.4]  189111    2876  186953   10907
   1.5 28 Black  (1 16.50  59.0) [1 14.90  61.4]  190611   26775  186953   15592
   1.5 28 Black  (1 12.50  60.0) [1 14.23  61.4]  189111   -1225  186953   10907
   2.0 28 Black  (1 17.00  60.0) [1 14.76  61.9]  189111   30275  186323   14588
   2.0 28 Black  (1 17.00  59.0) [1 14.66  61.9]  190611   30275  186323   13919
   2.0 28 Black  (1 12.44  59.0) [1 14.38  61.9]  190611   -1632  186323   11911
   2.5 28 Black  (1 07.00  60.0) [1 09.88  61.9]  189111  -39725  186323  -19546
   2.5 28 Black  (1 07.00  59.0) [1 09.88  61.9]  190611  -39725  186323  -19546
   3.0 28 Black  (1 06.50  60.0) [1 09.88  61.9]  189111  -43225  186323  -19546
   3.0 28 Black  (1 06.50  59.0) [1 09.98  61.9]  190611  -43225  186323  -18876
   3.5 28 Black  (1 19.00  60.0) [1 14.76  61.9]  189111   44275  186323   14588
   3.5 28 Black  (1 19.00  59.0) [1 14.66  61.9]  190611   44275  186323   13919
   3.5 28 Black  (1 15.00  40.0) [1 14.76  61.9]  219111   16275  186323   14588
   3.5 28 Black  (1 14.50  40.0) [1 14.52  60.4]  219111   12775  188449   12915
   3.5 28 Black  (1 14.00  40.0) [1 14.62  60.4]  219111    9275  188449   13584
   3.5 28 Black  (1 15.50  40.0) [1 14.62  60.4]  219111   19775  188449   13584
   4.0 28 Black  (1 16.00  40.0) [1 14.66  61.9]  219111   23275  186323   13919
   4.0 28 Black  (1 16.50  40.0) [1 14.57  61.9]  219111   26775  186323   13250
   4.0 28 Black  (1 15.50  39.0) [1 14.57  61.9]  220611   19775  186323   13250
   4.0 28 Black  (1 14.00  36.0) [1 14.52  60.4]  225111    9275  188449   12915
   4.0 28 Black  (1 15.00  39.0) [1 14.47  61.9]  220611   16275  186323   12580
   4.0 28 Black  (1 14.00  39.0) [1 14.38  61.9]  220611    9275  186323   11911
   4.0 28 Black  (1 14.50  39.0) [1 14.47  61.9]  220611   12775  186323   12580
   4.0 28 Black  (1 13.50  40.0) [1 14.38  61.9]  219111    5775  186323   11911
   4.0 28 Black  (1 13.00  40.0) [1 14.47  61.9]  219111    2275  186323   12580
   4.0 28 Black  (1 12.50  39.0) [1 10.41  61.4]  220611   -1225  186953  -15865
   4.5 28 Black  (1 18.50  40.0) [1 14.57  61.9]  219111   40775  186323   13250
   4.5 28 Black  (1 13.00  39.0) [1 10.22  61.4]  220611    2275  186953  -17203
   4.5 28 Black  (1 13.50  39.0) [1 10.27  60.9]  220611    5775  187819  -16869
   4.5 28 Black  (1 07.00  40.0) [1 10.27  60.9]  219111  -39725  187819  -16869
   4.5 28 Black  (1 07.00  39.0) [1 09.98  61.9]  220611  -39725  186323  -18876
   4.5 28 Black  (1 06.50  40.0) [1 09.98  61.9]  219111  -43225  186323  -18876
   4.5 28 Black  (1 06.50  39.0) [1 10.07  61.9]  220611  -43225  186323  -18207
   7.0 28 Black  (1 14.00  20.0) [1 10.31  61.4]  249111    9275  186953  -16534
   7.0 28 Black  (1 13.50  20.0) [1 10.41  61.4]  249111    5775  186953  -15865
   7.0 28 Black  (1 12.50  20.0) [1 10.07  61.9]  249111   -1225  186323  -18207
   7.0 28 Black  (1 07.00  20.0) [1 10.07  61.9]  249111  -39725  186323  -18207
   7.5 28 Black  (1 15.00  20.0) [1 10.22  61.4]  249111   16275  186953  -17203
   7.5 28 Black  (1 15.50  20.0) [1 10.31  61.4]  249111   19775  186953  -16534
   7.5 28 Black  (1 14.50  19.0) [1 10.31  61.4]  250611   12775  186953  -16534
   7.5 28 Black  (1 14.50  20.0) [1 10.41  61.4]  249111   12775  186953  -15865
   7.5 28 Black  (1 13.50  19.0) [1 10.22  61.4]  250611    5775  186953  -17203
   1.0 28 Black  (2 23.50  40.0) (2 23.00  40.0)   76611   75775   76611   72275
   1.0 28 Black  (2 23.50  39.0) (2 23.00  39.0)   78111   75775   78111   72275
   1.0 28 Black  (2 22.50  40.0) (2 22.00  40.0)   76611   68775   76611   65275
   1.0 28 Black  (2 21.50  40.0) (2 21.00  40.0)   76611   61775   76611   58275
   1.0 28 Black  (1 21.50  39.0) (1 21.00  39.0)  220611   61775  220611   58275
   1.0 28 Black  (1 20.50  20.0) (1 20.00  20.0)  249111   54775  249111   51275
   1.0 28 Black  (1 20.50  40.0) (1 20.00  40.0)  219111   54775  219111   51275
   1.0 28 Black  (2 20.50  20.0) (2 19.50  20.0)  106611   54775  106611   47775
   1.0 28 Black  (1 19.50  59.0) (1 19.00  60.0)  190611   47775  189111   44275
   1.0 28 Black  (1 19.50  40.0) (1 19.00  40.0)  219111   47775  219111   44275
   1.0 28 Black  (2 17.00  19.0) [2 16.41  13.3]  108111   30275  116679   26127
   1.0 28 Black  (2 16.50  19.0) [2 16.41  13.3]  108111   26775  116679   26127
   1.0 28 Black  (2 16.00  19.0) [2 15.49  17.1]  108111   23275  110984   19672
   1.0 28 Black  (2 16.00  20.0) [2 15.48  24.1]  106611   23275  100479   19627
   1.0 28 Black  (2 15.00  20.0) [2 15.34  24.4]  106611   16275  100079   18677
   1.0 28 Black  (2 15.50  20.0) [2 15.49  17.1]  106611   19775  110984   19672
   1.0 28 Black  (2 15.50  19.0) [2 15.49  17.1]  108111   19775  110984   19672
   1.0 28 Black  (2 14.50  19.0) [2 15.31  16.5]  108111   12775  111929   18463
   1.0 28 Black  (2 14.50  20.0) [2 15.31  16.5]  106611   12775  111929   18463
   1.0 28 Black  (2 14.00  19.0) [2 15.31  16.5]  108111    9275  111929   18463
   1.0 28 Black  (2 11.00  19.0) [2 11.06  16.0]  108111  -11725  112554  -11308
   1.0 28 Black  (2 10.50  19.0) [2 11.06  16.0]  108111  -15225  112554  -11308
   1.0 28 Black  (2 10.50  20.0) [2 11.06  16.0]  106611  -15225  112554  -11308
   1.0 28 Black  (1 09.93  60.0) [1 10.06  64.7]  189111  -19212  181999  -18338
   1.0 28 Black  (2 09.50  19.0) [2 10.11  13.0]  108111  -22225  117049  -17938
   1.0 28 Black  (2 10.00  19.0) [2 10.25  13.3]  108111  -18725  116649  -16988
   1.0 28 Black  (2 08.50  40.0) (2 09.00  39.0)   76611  -29225   78111  -25725
   1.0 28 Black  (1 08.50  20.0) (1 09.00  19.0)  249111  -29225  250611  -25725
   1.0 28 Black  (1 07.50  39.0) (1 08.00  39.0)  220611  -36225  220611  -32725
   1.0 28 Black  (1 07.50  40.0) (1 08.00  40.0)  219111  -36225  219111  -32725
   1.0 28 Black  (1 08.00  40.0) (1 07.00  40.0)  219111  -32725  219111  -39725
   1.0 28 Black  (1 07.50  60.0) (1 08.50  59.0)  189111  -36225  190611  -29225
   1.0 28 Black  (1 07.50  20.0) (1 07.00  20.0)  249111  -36225  249111  -39725
   1.0 28 Black  (1 07.50  19.0) (1 07.00  20.0)  250611  -36225  249111  -39725
   1.0 28 Black  (2 05.50  59.0) (2 06.00  56.0)   48111  -50225   52611  -46725
   1.0 28 Black  (2 05.00  60.0) (2 06.00  58.0)   46611  -53725   49611  -46725
   1.0 28 Black  (2 04.50  60.0) (2 05.00  60.0)   46611  -57225   46611  -53725
   1.0 28 Black  (2 05.50  60.0) (2 05.50  59.0)   46611  -50225   48111  -50225
   1.0 28 Black  (2 04.50  40.0) (2 05.00  40.0)   76611  -57225   76611  -53725
   1.0 28 Black  (2 04.50  20.0) (2 05.00  20.0)  106611  -57225  106611  -53725
   1.0 28 Black  (1 04.50  59.0) (1 05.00  60.0)  190611  -57225  189111  -53725
   1.0 28 Black  (1 04.00  59.0) (1 05.00  60.0)  190611  -60725  189111  -53725
   1.0 28 Black  (1 04.50  20.0) (1 05.00  20.0)  249111  -57225  249111  -53725
   1.0 28 Black  (1 04.50  19.0) (1 05.00  19.0)  250611  -57225  250611  -53725
   1.0 28 Black  (1 03.50  19.0) (1 04.00  19.0)  250611  -64225  250611  -60725
   1.0 28 Black  (1 03.50  20.0) (1 04.00  20.0)  249111  -64225  249111  -60725
   1.0 28 Black  (1 03.50  40.0) (1 04.00  40.0)  219111  -64225  219111  -60725
   1.0 28 Black  (1 03.50  59.0) (1 04.00  59.0)  190611  -64225  190611  -60725
   1.0 28 Black  (1 04.50  60.0) (1 04.50  59.0)  189111  -57225  190611  -57225
   1.0 28 Black  (1 03.50  60.0) (1 04.00  60.0)  189111  -64225  189111  -60725
   1.0 28 Black  (2 03.50  20.0) (2 04.00  20.0)  106611  -64225  106611  -60725
   1.0 28 Black  (2 03.50  39.0) (2 04.00  39.0)   78111  -64225   78111  -60725
   1.0 28 Black  (2 03.50  40.0) (2 04.00  40.0)   76611  -64225   76611  -60725
   1.0 28 Black  (2 03.50  60.0) (2 04.00  59.0)   46611  -64225   48111  -60725
   1.0 28 Black  (2 02.50  60.0) (2 03.00  59.0)   46611  -71225   48111  -67725
   1.0 28 Black  (2 02.50  40.0) (2 03.00  40.0)   76611  -71225   76611  -67725
   1.0 28 Black  (2 02.50  20.0) (2 03.00  19.0)  106611  -71225  108111  -67725
   1.5 28 Black  (2 23.50  20.0) (2 22.00  20.0)  106611   75775  106611   65275
   1.5 28 Black  (2 21.50  20.0) (2 20.00  20.0)  106611   61775  106611   51275
   1.5 28 Black  (1 20.00  59.0) (1 18.50  60.0)  190611   51275  189111   40775
   1.5 28 Black  (1 20.50  59.0) (1 19.00  60.0)  190611   54775  189111   44275
   1.5 28 Black  (2 20.50  19.0) (2 19.00  19.0)  108111   54775  108111   44275
   1.5 28 Black  (2 17.50  19.0) [2 16.54  13.0]  108111   33775  117079   27077
   1.5 28 Black  (1 16.50  60.0) [1 15.28  64.7]  189111   26775  182029   18259
   1.5 28 Black  (2 16.50  20.0) [2 16.27  13.0]  106611   26775  117079   25177
   1.5 28 Black  (2 15.00  19.0) [2 16.27  13.0]  108111   16275  117079   25177
   1.5 28 Black  (2 13.00  50.0) (2 14.50  45.0)   61611    2275   69111   12775
   1.5 28 Black  (2 11.00  20.0) [2 10.38  13.0]  106611  -11725  117049  -16038
   1.5 28 Black  (2 11.50  19.0) [2 10.38  13.0]  108111   -8225  117049  -16038
   1.5 28 Black  (1 09.00  60.0) [1 10.06  64.7]  189111  -25725  181999  -18338
   1.5 28 Black  (2 10.00  20.0) [2 10.06  12.4]  106611  -18725  117999  -18338
   1.5 28 Black  (2 09.50  20.0) [2 10.25  13.3]  106611  -22225  116649  -16988
   1.5 28 Black  (2 05.50  39.0) (2 07.00  39.0)   78111  -50225   78111  -39725
   1.5 28 Black  (2 05.00  59.0) (2 06.00  54.0)   48111  -53725   55611  -46725
   1.5 28 Black  (2 04.50  59.0) (2 06.00  56.0)   48111  -57225   52611  -46725
   2.0 28 Black  (2 21.50  19.0) (2 19.50  19.0)  108111   61775  108111   47775
   2.0 28 Black  (2 17.50  20.0) [2 16.21  12.4]  106611   33775  118029   24777
   2.0 28 Black  (2 08.62  20.0) (2 11.00  20.0)  106611  -28352  106611  -11725
   2.0 28 Black  (2 11.50  20.0) [2 10.44  12.4]  106611   -8225  117999  -15638
   2.0 28 Black  (1 10.00  20.0) (1 11.00  30.0)  249111  -18725  234111  -11725
   2.0 28 Black  (1 08.00  60.0) [1 10.06  64.7]  189111  -32725  181999  -18338
   2.0 28 Black  (2 08.00  19.0) (2 10.00  19.0)  108111  -32725  108111  -18725
   2.0 28 Black  (2 08.00  20.0) (2 10.00  19.0)  106611  -32725  108111  -18725
   2.0 28 Black  (1 08.50  59.0) (1 06.50  60.0)  190611  -29225  189111  -43225
   2.0 28 Black  (2 05.50  40.0) (2 07.50  40.0)   76611  -50225   76611  -36225
   2.0 28 Black  (2 05.00  20.0) (2 07.00  19.0)  106611  -53725  108111  -39725
   2.0 28 Black  (2 04.00  59.0) (2 06.00  54.0)   48111  -60725   55611  -46725
   2.5 28 Black  (2 22.50  19.0) (2 19.50  19.0)  108111   68775  108111   47775
   2.5 28 Black  (2 22.00  20.0) (2 19.00  20.0)  106611   65275  106611   44275
   2.5 28 Black  (2 22.50  20.0) (2 20.00  20.0)  106611   68775  106611   51275
   2.5 28 Black  (1 21.00  59.0) (1 18.50  59.0)  190611   58275  190611   40775
   2.5 28 Black  (1 21.50  59.0) (1 19.00  59.0)  190611   61775  190611   44275
   2.5 28 Black  (2 20.00  20.0) (2 17.00  19.0)  106611   51275  108111   30275
   2.5 28 Black  (2 19.00  20.0) [2 16.54  13.0]  106611   44275  117079   27077
   2.5 28 Black  (2 19.00  19.0) [2 16.54  13.0]  108111   44275  117079   27077
   2.5 28 Black  (1 09.50  19.0) (1 11.00  30.0)  250611  -22225  234111  -11725
   2.5 28 Black  (2 07.50  19.0) [2 10.11  13.0]  108111  -36225  117049  -17938
   2.5 28 Black  (2 07.50  20.0) [2 10.11  13.0]  106611  -36225  117049  -17938
   2.5 28 Black  (2 05.50  20.0) (2 08.00  20.0)  106611  -50225  106611  -32725
   2.5 28 Black  (2 04.50  39.0) (2 07.00  39.0)   78111  -57225   78111  -39725
   2.5 28 Black  (2 04.00  20.0) (2 07.00  20.0)  106611  -60725  106611  -39725
   2.5 28 Black  (2 05.00  19.0) (2 07.50  20.0)  108111  -53725  106611  -36225
   2.5 28 Black  (2 04.00  60.0) (2 06.00  52.0)   46611  -60725   58611  -46725
   2.5 28 Black  (2 03.50  59.0) (2 06.00  58.0)   48111  -64225   49611  -46725
   3.0 28 Black  (1 22.00  59.0) (1 18.50  59.0)  190611   65275  190611   40775
   3.0 28 Black  (1 22.00  60.0) (1 18.50  60.0)  189111   65275  189111   40775
   3.0 28 Black  (2 19.50  20.0) [2 16.21  12.4]  106611   47775  118029   24777
   3.0 28 Black  (2 19.50  19.0) [2 16.27  13.0]  108111   47775  117079   25177
   3.0 28 Black  (1 18.50  59.0) [1 15.28  64.7]  190611   40775  182029   18259
   3.0 28 Black  (1 18.50  60.0) [1 15.28  64.7]  189111   40775  182029   18259
   3.0 28 Black  (2 14.50  39.0) [2 15.48  24.1]   78111   12775  100479   19627
   3.0 28 Black  (2 07.00  19.0) [2 10.06  12.4]  108111  -39725  117999  -18338
   3.0 28 Black  (2 07.00  20.0) [2 10.06  12.4]  106611  -39725  117999  -18338
   3.0 28 Black  (2 04.00  19.0) (2 07.50  19.0)  108111  -60725  108111  -36225
   3.0 28 Black  (2 03.00  59.0) (2 06.00  51.0)   48111  -67725   60111  -46725
   3.0 28 Black  (2 02.50  59.0) (2 06.00  52.0)   48111  -71225   58611  -46725
   3.5 28 Black  (2 23.00  20.0) (2 19.00  20.0)  106611   72275  106611   44275
   3.5 28 Black  (2 23.50  19.0) (2 19.50  20.0)  108111   75775  106611   47775
   3.5 28 Black  (2 21.00  20.0) (2 17.00  19.0)  106611   58275  108111   30275
   3.5 28 Black  (1 21.00  60.0) (1 17.00  60.0)  189111   58275  189111   30275
   3.5 28 Black  (2 14.50  45.0) [2 15.34  24.4]   69111   12775  100079   18677
   3.5 28 Black  (1 08.50  60.0) (1 12.44  59.0)  189111  -29225  190611   -1632
   3.5 28 Black  (1 10.00  39.0) (1 09.00  60.0)  220611  -18725  189111  -25725
   3.5 28 Black  (2 08.50  60.0) (2 09.50  40.0)   46611  -29225   76611  -22225
   3.5 28 Black  (1 09.00  39.0) (1 08.00  60.0)  220611  -25725  189111  -32725
   3.5 28 Black  (1 08.00  19.0) (1 07.00  39.0)  250611  -32725  220611  -39725
   3.5 28 Black  (1 08.00  20.0) (1 07.00  39.0)  249111  -32725  220611  -39725
   3.5 28 Black  (1 08.00  39.0) (1 08.00  60.0)  220611  -32725  189111  -32725
   3.5 28 Black  (2 03.00  20.0) (2 07.00  20.0)  106611  -67725  106611  -39725
   3.5 28 Black  (1 05.00  19.0) (1 06.50  39.0)  250611  -53725  220611  -43225
   3.5 28 Black  (1 05.00  20.0) (1 06.50  40.0)  249111  -53725  219111  -43225
   3.5 28 Black  (1 04.50  40.0) (1 06.50  59.0)  219111  -57225  190611  -43225
   3.5 28 Black  (2 03.00  60.0) (2 06.00  48.0)   46611  -67725   64611  -46725
   3.5 28 Black  (2 02.00  59.0) (2 06.00  51.0)   48111  -74725   60111  -46725
   4.0 28 Black  (2 23.50  60.0) (2 21.00  40.0)   46611   75775   76611   58275
   4.0 28 Black  (2 22.50  59.0) (2 20.00  40.0)   48111   68775   76611   51275
   4.0 28 Black  (2 22.50  60.0) (2 20.00  39.0)   46611   68775   78111   51275
   4.0 28 Black  (1 21.50  40.0) (1 19.00  59.0)  219111   61775  190611   44275
   4.0 28 Black  (1 21.00  19.0) (1 18.50  40.0)  250611   58275  219111   40775
   4.0 28 Black  (1 20.00  40.0) (1 17.00  59.0)  219111   51275  190611   30275
   4.0 28 Black  (2 20.50  39.0) (2 17.50  20.0)   78111   54775  106611   33775
   4.0 28 Black  (1 07.50  59.0) (1 12.44  59.0)  190611  -36225  190611   -1632
   4.0 28 Black  (2 08.50  39.0) (2 11.00  20.0)   78111  -29225  106611  -11725
   4.0 28 Black  (1 05.00  60.0) [1 10.11  65.4]  189111  -53725  181049  -17938
   4.0 28 Black  (2 08.00  39.0) (2 10.50  19.0)   78111  -32725  108111  -15225
   4.0 28 Black  (1 08.50  19.0) (1 07.00  40.0)  250611  -29225  219111  -39725
   4.0 28 Black  (1 05.00  40.0) (1 07.00  60.0)  219111  -53725  189111  -39725
   4.0 28 Black  (1 04.00  40.0) (1 07.00  60.0)  219111  -60725  189111  -39725
   4.0 28 Black  (1 05.00  39.0) (1 07.00  59.0)  220611  -53725  190611  -39725
   4.0 28 Black  (1 04.00  39.0) (1 07.00  59.0)  220611  -60725  190611  -39725
   4.0 28 Black  (1 04.00  19.0) (1 06.50  39.0)  250611  -60725  220611  -43225
   4.0 28 Black  (1 04.00  20.0) (1 06.50  40.0)  249111  -60725  219111  -43225
   4.0 28 Black  (1 04.50  39.0) (1 06.50  59.0)  220611  -57225  190611  -43225
   4.0 28 Black  (2 02.00  60.0) (2 06.00  48.0)   46611  -74725   64611  -46725
   4.5 28 Black  (2 23.50  59.0) (2 20.00  40.0)   48111   75775   76611   51275
   4.5 28 Black  (2 23.00  40.0) (2 19.00  19.0)   76611   72275  108111   44275
   4.5 28 Black  (1 22.00  19.0) (1 18.50  40.0)  250611   65275  219111   40775
   4.5 28 Black  (2 21.00  40.0) (2 17.00  20.0)   76611   58275  106611   30275
   4.5 28 Black  (2 21.50  39.0) (2 17.50  20.0)   78111   61775  106611   33775
   4.5 28 Black  (1 21.00  40.0) (1 17.00  59.0)  219111   58275  190611   30275
   4.5 28 Black  (1 20.00  39.0) (1 16.50  60.0)  220611   51275  189111   26775
   4.5 28 Black  (2 20.00  39.0) (2 16.50  19.0)   78111   51275  108111   26775
   4.5 28 Black  (2 20.00  40.0) (2 16.00  20.0)   76611   51275  106611   23275
   4.5 28 Black  (2 20.00  60.0) (2 15.00  45.0)   46611   51275   69111   16275
   4.5 28 Black  (1 19.50  60.0) [1 14.87  78.0]  189111   47775  162049   15397
   4.5 28 Black  (1 19.50  19.0) (1 15.50  40.0)  250611   47775  219111   19775
   4.5 28 Black  (2 17.00  39.0) [2 16.27  11.8]   78111   30275  118979   25177
   4.5 28 Black  (2 16.50  39.0) [2 16.27  11.8]   78111   26775  118979   25177
   4.5 28 Black  (2 15.50  39.0) [2 16.27  11.8]   78111   19775  118979   25177
   4.5 28 Black  (2 14.00  39.0) [2 16.21  12.4]   78111    9275  118029   24777
   4.5 28 Black  (1 09.00  40.0) (1 13.09  60.0)  219111  -25725  189111    2876
   4.5 28 Black  (1 09.50  40.0) (1 13.42  60.0)  219111  -22225  189111    5218
   4.5 28 Black  (1 08.50  40.0) (1 12.50  60.0)  219111  -29225  189111   -1225
   4.5 28 Black  (1 08.50  39.0) (1 12.50  60.0)  220611  -29225  189111   -1225
   4.5 28 Black  (2 11.00  39.0) [2 10.38  11.8]   78111  -11725  118949  -16038
   4.5 28 Black  (2 11.50  39.0) [2 10.38  11.8]   78111   -8225  118949  -16038
   4.5 28 Black  (2 08.00  40.0) (2 11.00  19.0)   76611  -32725  108111  -11725
   4.5 28 Black  (1 04.50  77.0) [2 09.85 -06.0]  163611  -57225  145679  -19748
   4.5 28 Black  (2 10.00  39.0) [2 10.38  11.8]   78111  -18725  118949  -16038
   4.5 28 Black  (2 10.50  39.0) [2 10.44  12.4]   78111  -15225  117999  -15638
   4.5 28 Black  (2 09.50  40.0) [2 10.44  12.4]   76611  -22225  117999  -15638
   4.5 28 Black  (2 09.00  39.0) [2 10.38  13.0]   78111  -25725  117049  -16038
   4.5 28 Black  (2 09.50  39.0) [2 10.25  13.3]   78111  -22225  116649  -16988
   4.5 28 Black  (2 02.00  20.0) (2 07.50  20.0)  106611  -74725  106611  -36225
   4.5 28 Black  (1 03.50  39.0) (1 06.50  60.0)  220611  -64225  189111  -43225
   5.0 28 Black  (2 22.00  39.0) (2 17.50  19.0)   78111   65275  108111   33775
   5.0 28 Black  (2 22.00  40.0) (2 17.00  20.0)   76611   65275  106611   30275
   5.0 28 Black  (2 21.00  39.0) (2 16.50  19.0)   78111   58275  108111   26775
   5.0 28 Black  (1 21.00  39.0) (1 16.50  59.0)  220611   58275  190611   26775
   5.0 28 Black  (1 21.50  20.0) (1 16.50  40.0)  249111   61775  219111   26775
   5.0 28 Black  (1 21.50  19.0) (1 16.50  40.0)  250611   61775  219111   26775
   5.0 28 Black  (1 20.50  19.0) (1 15.50  40.0)  250611   54775  219111   19775
   5.0 28 Black  (2 20.50  40.0) (2 15.50  19.0)   76611   54775  108111   19775
   5.0 28 Black  (2 20.50  59.0) (2 15.00  45.0)   48111   54775   69111   16275
   5.0 28 Black  (1 19.50  39.0) (1 14.42  60.0)  220611   47775  189111   12246
   5.0 28 Black  (1 19.50  20.0) (1 15.00  40.0)  249111   47775  219111   16275
   5.0 28 Black  (1 17.00  40.0) [1 14.72  67.4]  219111   30275  178059   14347
   5.0 28 Black  (1 17.00  39.0) [1 14.72  68.1]  220611   30275  177009   14347
   5.0 28 Black  (1 16.00  39.0) [1 14.72  67.4]  220611   23275  178059   14347
   5.0 28 Black  (1 16.50  39.0) [1 14.87  68.1]  220611   26775  177009   15397
   5.0 28 Black  (1 04.00  60.0) [1 10.11  65.4]  189111  -60725  181049  -17938
   5.0 28 Black  (2 10.50  40.0) [2 10.45  08.4]   76611  -15225  123995  -15590
   5.0 28 Black  (2 07.00  39.0) [2 10.25  11.5]   78111  -39725  119349  -16988
   5.0 28 Black  (2 09.00  40.0) [2 10.11  11.8]   76611  -25725  118949  -17938
   5.0 28 Black  (2 07.50  39.0) [2 10.11  11.8]   78111  -36225  118949  -17938
   5.0 28 Black  (2 07.50  40.0) [2 10.11  11.8]   76611  -36225  118949  -17938
   5.0 28 Black  (2 05.00  40.0) (2 10.00  20.0)   76611  -53725  106611  -18725
   5.0 28 Black  (2 02.00  40.0) (2 07.00  19.0)   76611  -74725  108111  -39725
   5.5 28 Black  (2 23.00  39.0) (2 17.50  19.0)   78111   72275  108111   33775
   5.5 28 Black  (1 22.00  39.0) (1 16.50  59.0)  220611   65275  190611   26775
   5.5 28 Black  (1 22.00  40.0) (1 16.50  60.0)  219111   65275  189111   26775
   5.5 28 Black  (1 20.50  39.0) (1 14.42  60.0)  220611   54775  189111   12246
   5.5 28 Black  (1 20.50  60.0) [1 14.87  78.0]  189111   54775  162049   15397
   5.5 28 Black  (1 19.00  40.0) [1 14.87  68.1]  219111   44275  177009   15397
   5.5 28 Black  (1 18.50  39.0) [1 14.72  67.4]  220611   40775  178059   14347
   5.5 28 Black  (2 15.00  39.0) [2 10.25  11.5]   78111   16275  119349  -16988
   5.5 28 Black  (1 08.92  59.0) [1 14.57  78.0]  190611  -26291  162049   13297
   5.5 28 Black  (2 14.00  40.0) [2 10.25  11.5]   76611    9275  119349  -16988
   5.5 28 Black  (2 11.00  40.0) [2 10.45  08.4]   76611  -11725  123995  -15590
   5.5 28 Black  (1 11.00  30.0) [1 10.44  64.7]  234111  -11725  181999  -15638
   5.5 28 Black  (2 04.00  40.0) (2 10.00  20.0)   76611  -60725  106611  -18725
   5.5 28 Black  (2 05.00  39.0) (2 10.50  20.0)   78111  -53725  106611  -15225
   5.5 28 Black  (2 02.00  19.0) (2 09.50  19.0)  108111  -74725  108111  -22225
   5.5 28 Black  (2 02.50  39.0) (2 08.00  20.0)   78111  -71225  106611  -32725
   6.0 28 Black  (2 22.50  39.0) (2 15.50  19.0)   78111   68775  108111   19775
   6.0 28 Black  (1 21.50  60.0) [1 14.87  78.0]  189111   61775  162049   15397
   6.0 28 Black  (2 17.50  39.0) [2 15.41  02.9]   78111   33775  132279   19162
   6.0 28 Black  (2 16.00  39.0) [2 15.41  02.9]   78111   23275  132279   19162
   6.0 28 Black  (2 15.00  40.0) [2 14.89  02.6]   76611   16275  132714   15516
   6.0 28 Black  (2 14.50  40.0) [2 14.89  02.6]   76611   12775  132714   15516
   6.0 28 Black  (1 08.00  59.0) [1 14.57  78.0]  190611  -32725  162049   13297
   6.0 28 Black  (2 08.50  59.0) (2 11.50  26.0)   48111  -29225   97611   -8225
   6.0 28 Black  (2 08.00  60.0) (2 11.50  26.0)   46611  -32725   97611   -8225
   6.0 28 Black  (1 11.00  29.0) [1 10.38  65.4]  235611  -11725  181049  -16038
   6.0 28 Black  (2 04.00  39.0) (2 10.50  20.0)   78111  -60725  106611  -15225
   6.0 28 Black  (2 03.00  39.0) (2 09.50  20.0)   78111  -67725  106611  -22225
   6.5 28 Black  (2 19.00  39.0) [2 15.41  02.9]   78111   44275  132279   19162
   6.5 28 Black  (2 17.00  40.0) [2 16.13 -01.1]   76611   30275  138329   24207
   6.5 28 Black  (1 10.00  19.0) (1 09.93  60.0)  250611  -18725  189111  -19212
   6.5 28 Black  (1 09.00  19.0) (1 09.93  60.0)  250611  -25725  189111  -19212
   6.5 28 Black  (2 03.00  40.0) (2 10.50  19.0)   76611  -67725  108111  -15225
   6.5 28 Black  (2 02.00  39.0) (2 09.50  20.0)   78111  -74725  106611  -22225
   6.5 28 Black  (1 09.00  20.0) (1 09.00  60.0)  249111  -25725  189111  -25725
   7.0 28 Black  (1 20.00  20.0) (1 15.61  60.0)  249111   51275  189111   20518
   7.0 28 Black  (2 20.00  19.0) [1 14.72  78.7]  108111   51275  160999   14347
   7.0 28 Black  (2 20.00  59.0) (2 16.00  20.0)   48111   51275  106611   23275
   7.0 28 Black  (2 19.00  40.0) [2 14.89  02.6]   76611   44275  132714   15516
   7.0 28 Black  (2 19.50  39.0) [2 16.13 -01.1]   78111   47775  138329   24207
   7.0 28 Black  (1 10.00  40.0) [1 14.57  78.0]  219111  -18725  162049   13297
   7.0 28 Black  (1 09.50  20.0) (1 13.09  60.0)  249111  -22225  189111    2876
   7.0 28 Black  (2 10.00  40.0) [2 09.99 -04.5]   76611  -18725  143379  -18798
   7.5 28 Black  (2 22.00  60.0) (2 16.50  20.0)   46611   65275  106611   26775
   7.5 28 Black  (2 21.00  60.0) (2 15.50  20.0)   46611   58275  106611   19775
   7.5 28 Black  (2 21.00  59.0) (2 16.00  19.0)   48111   58275  108111   23275
   7.5 28 Black  (2 21.00  19.0) [1 14.72  78.7]  108111   58275  160999   14347
   7.5 28 Black  (1 21.00  20.0) (1 15.61  60.0)  249111   58275  189111   20518
   7.5 28 Black  (1 20.00  19.0) (1 15.86  60.0)  250611   51275  189111   22288
   7.5 28 Black  (2 20.50  60.0) (2 15.00  20.0)   46611   54775  106611   16275
   7.5 28 Black  (1 16.00  20.0) [1 14.72  68.1]  249111   23275  177009   14347
   7.5 28 Black  (2 08.50  19.0) [1 15.16  81.0]  108111  -29225  157591   17409
   7.5 28 Black  (1 14.00  19.0) [1 10.25  63.8]  250611    9275  183349  -16988
   7.5 28 Black  (1 13.00  20.0) [1 10.25  63.8]  249111    2275  183349  -16988
   7.5 28 Black  (1 13.00  19.0) [1 10.11  64.1]  250611    2275  182949  -17938
   7.5 28 Black  (1 12.50  19.0) [1 10.38  64.1]  250611   -1225  182949  -16038
   7.5 28 Black  (2 11.50  40.0) [2 10.13 -04.8]   76611   -8225  143779  -17848
   7.5 28 Black  (1 06.50  20.0) [1 10.25  63.8]  249111  -43225  183349  -16988
   7.5 28 Black  (1 07.00  19.0) [1 10.11  64.1]  250611  -39725  182949  -17938
   7.5 28 Black  (1 06.50  19.0) [1 10.11  64.1]  250611  -43225  182949  -17938
   7.5 28 Black  (2 07.00  40.0) [2 09.99 -04.5]   76611  -39725  143379  -18798
   8.0 28 Black  (2 23.00  60.0) (2 16.50  20.0)   46611   72275  106611   26775
   8.0 28 Black  (1 22.00  20.0) (1 15.86  60.0)  249111   65275  189111   22288
   8.0 28 Black  (2 22.00  19.0) [1 14.72  78.0]  108111   65275  162049   14347
   8.0 28 Black  (2 22.00  59.0) (2 16.00  19.0)   48111   65275  108111   23275
   8.0 28 Black  (2 21.50  60.0) (2 14.50  20.0)   46611   61775  106611   12775
   8.0 28 Black  (2 21.50  59.0) (2 15.00  20.0)   48111   61775  106611   16275
   8.0 28 Black  (1 18.50  20.0) [1 14.72  68.1]  249111   40775  177009   14347
   8.0 28 Black  (2 17.50  40.0) [1 16.41  83.9]   76611   33775  153249   26127
   8.0 28 Black  (1 17.00  20.0) [1 14.72  68.8]  249111   30275  175959   14347
   8.0 28 Black  (1 16.00  19.0) [1 14.72  68.8]  250611   23275  175959   14347
   8.0 28 Black  (1 16.50  20.0) [1 14.57  68.1]  249111   26775  177009   13297
   8.0 28 Black  (2 16.50  40.0) [1 16.41  83.9]   76611   26775  153249   26127
   8.0 28 Black  (1 05.00  59.0) [1 14.72  78.0]  190611  -53725  162049   14347
   8.0 28 Black  (1 15.00  19.0) [1 14.57  68.1]  250611   16275  177009   13297
   8.0 28 Black  (1 15.50  19.0) [1 14.57  68.1]  250611   19775  177009   13297
   8.0 28 Black  (2 09.50  59.0) [2 10.45  08.4]   48111  -22225  123995  -15590
   8.0 28 Black  (2 01.00  50.0) (2 09.50  19.0)   61611  -81725  108111  -22225
   9.0 28 Black  (2 23.00  59.0) (2 15.50  20.0)   48111   72275  106611   19775
   9.0 28 Black  (2 19.50  40.0) [1 16.41  83.9]   76611   47775  153249   26127
   9.0 28 Black  (1 19.00  20.0) [1 14.72  68.8]  249111   44275  175959   14347
   9.0 28 Black  (1 17.00  19.0) [1 10.44  64.7]  250611   30275  181999  -15638
   9.0 28 Black  (1 16.50  19.0) [1 10.38  64.1]  250611   26775  182949  -16038
   9.0 28 Black  (2 05.50  19.0) [1 10.38  65.4]  108111  -50225  181049  -16038
   9.0 28 Black  (2 04.50  19.0) [1 10.38  65.4]  108111  -57225  181049  -16038
   9.0 28 Black  (2 03.50  19.0) [1 10.25  65.6]  108111  -64225  180649  -16988
  10.0 28 Black  (1 19.00  19.0) [1 10.44  64.7]  250611   44275  181999  -15638
  10.0 28 Black  (1 18.50  19.0) [1 10.38  64.1]  250611   40775  182949  -16038
  10.0 28 Black  (2 14.50  59.0) [2 16.13 -01.1]   48111   12775  138329   24207
  10.0 28 Black  (2 11.00  59.0) [2 10.13 -04.8]   48111  -11725  143779  -17848
  10.0 28 Black  (2 11.50  59.0) [2 09.80 -05.4]   48111   -8225  144729  -20148
  10.0 28 Black  (2 02.50  19.0) [1 10.25  65.6]  108111  -71225  180649  -16988
  10.0 28 Black  (2 10.50  59.0) [2 10.18 -05.4]   48111  -15225  144729  -17448
  10.0 28 Black  (2 07.50  59.0) [2 09.85 -04.8]   48111  -36225  143779  -19748
  10.0 28 Black  (2 09.50  60.0) [2 09.85 -04.8]   46611  -22225  143779  -19748
  10.0 28 Black  (2 10.00  59.0) [2 10.13 -04.8]   48111  -18725  143779  -17848
  10.0 28 Black  (2 09.00  59.0) [2 09.99 -04.5]   48111  -25725  143379  -18798
  11.0 28 Black  (2 16.00  59.0) [2 10.18 -05.4]   48111   23275  144729  -17448
  11.0 28 Black  (2 15.00  59.0) [2 10.18 -05.4]   48111   16275  144729  -17448
  11.0 28 Black  (2 15.50  59.0) [2 10.13 -06.0]   48111   19775  145679  -17848
  11.0 28 Black  (2 13.00  49.0) [1 14.72  78.7]   63111    2275  160999   14347
  11.0 28 Black  (2 14.00  59.0) [2 09.85 -04.8]   48111    9275  143779  -19748
  11.0 28 Black  (2 14.00  60.0) [2 10.13 -06.0]   46611    9275  145679  -17848
  11.0 28 Black  (2 14.50  60.0) [2 09.99 -06.3]   46611   12775  146079  -18798
  11.0 28 Black  (2 11.00  60.0) [2 09.85 -06.0]   46611  -11725  145679  -19748
  11.0 28 Black  (2 07.00  60.0) [2 09.99 -06.3]   46611  -39725  146079  -18798
  11.0 28 Black  (2 07.50  60.0) [2 09.85 -06.0]   46611  -36225  145679  -19748
  11.0 28 Black  (2 10.00  60.0) [2 10.13 -06.0]   46611  -18725  145679  -17848
  11.0 28 Black  (2 09.00  60.0) [2 09.80 -05.4]   46611  -25725  144729  -20148
  12.0 28 Black  (2 19.00  60.0) [1 16.21  83.0]   46611   44275  154599   24777
  12.0 28 Black  (2 19.00  59.0) [1 16.54  83.6]   48111   44275  153649   27077
  12.0 28 Black  (2 19.50  59.0) [1 16.27  83.6]   48111   47775  153649   25177
  12.0 28 Black  (2 17.00  60.0) [1 16.21  83.0]   46611   30275  154599   24777
  12.0 28 Black  (2 17.50  60.0) [1 16.27  82.4]   46611   33775  155549   25177
  12.0 28 Black  (2 17.00  59.0) [1 16.54  83.6]   48111   30275  153649   27077
  12.0 28 Black  (2 17.50  59.0) [1 16.27  83.6]   48111   33775  153649   25177
  12.0 28 Black  (2 16.50  59.0) [1 16.54  83.6]   48111   26775  153649   27077
  12.0 28 Black  (2 16.00  60.0) [1 16.27  82.4]   46611   23275  155549   25177
  12.0 28 Black  (2 15.50  60.0) [1 16.27  82.4]   46611   19775  155549   25177
  12.0 28 Black  (2 16.50  60.0) [1 16.27  83.6]   46611   26775  153649   25177
  12.0 28 Black  (2 15.00  60.0) [2 09.99 -06.3]   46611   16275  146079  -18798
  12.0 28 Black  (2 11.50  60.0) [1 15.16  81.0]   46611   -8225  157591   17409
  13.0 28 Black  (2 19.50  60.0) [1 15.16  81.0]   46611   47775  157591   17409
  13.0 28 Black  (2 10.50  60.0) [1 16.21  83.0]   46611  -15225  154599   24777
  14.0 28 Black  (2 01.00  49.0) [1 10.25  65.6]   63111  -81725  180649  -16988

                                *+*+* Top *+*+*

